1920 1010
0 490 20 520 grey wl 1 490 990
1900 200 20 820 black wr 1 0 0
0 0 1920 20 black c 1 0 0
0 980 770 30 grey f 2 20 420 670 770
21
0 0 570 490 black 1 0 0 1 0 0 1 0 0 1 0 0
420 680 250 300 black 1 0 0 1 0 0 1 0 0 1 0 0
570 0 100 320 black 1 0 0 1 0 0 1 0 0 1 0 0
770 980 1130 30 black 1 0 0 1 0 0 1 0 0 1 0 0
570 320 100 20 grey 1 0 0 1 0 0 1 320 340 1 570 670
1070 770 100 30 grey 1 0 0 1 1070 1170 1 0 0 1 0 0
1070 800 100 20 black 1 0 0 1 0 0 1 0 0 1 0 0
1050 750 20 70 black 1 0 0 1 0 0 1 0 0 1 0 0
1170 750 20 70 black 1 0 0 1 0 0 1 0 0 1 0 0
1270 575 100 30 grey 1 0 0 1 1270 1370 1 0 0 1 0 0
1270 605 100 20 black 1 0 0 1 0 0 1 0 0 1 0 0
1250 555 20 70 black 1 0 0 1 0 0 1 0 0 1 0 0
1370 555 20 70 black 1 0 0 1 0 0 1 0 0 1 0 0
1470 400 100 30 grey 1 0 0 1 1470 1570 1 0 0 1 0 0
1470 430 100 20 black 1 0 0 1 0 0 1 0 0 1 0 0
1450 380 20 70 black 1 0 0 1 0 0 1 0 0 1 0 0
1570 380 20 70 black 1 0 0 1 0 0 1 0 0 1 0 0
670 0 780 120 black 1 0 0 1 0 0 1 0 0 1 0 0
1450 20 20 100 grey 1 0 0 1 0 0 1 20 120 1 1450 1470
1750 170 170 30 black 1 0 0 1 0 0 1 0 0 1 0 0
67 120 800 50 black 1 0 0 1 0 0 1 0 0 1 0 0
150 870
0
0 0
0
0
0
0
0
0
0
0 0 0 0
0 0 0 0
1
1815 69 red