1920 800
0 0 30 30 black wl 0 0
1890 0 30 30 black wr 0 0
30 0 800 30 black c 0 0
0 770 30 30 black f 0 0
13
0  30  30  740   black  1   0  0   1   0  0    1  0  0   1   0  0
1890  30  30  640   black   1  0  0  1    0  0   1   0  0   1   0  0
30  30  30  120   black   1  0  0   1   0  0    1  0  0   1   0  0
260  30  30  120   black  1   0  0   1   0  0   1   0  0   1   0  0
30  150  30  100   grey   1  0  0  1    0  0    1  150  250    1  30  60
260  150  30  100   black  1   0  0   1   0  0   1   0  0  1   0  0
30  770  100  30   black  1  0  0   1   0  0    1  0  0   1   0  0
230  770  1460  30   black  1   0  0  1    0  0   1   0  0   1   0  0
1790  770  130  30   black   1  0  0   1   0  0   1   0  0   1   0  0
830  550  260  220   black  1   0  0   1   0  0    1  0  0   1   0  0
730  740  100  30   grey  1   740  770    1  730  830  1    0  0   1   0  0
830  0  260  30   grey  1   0  0   1   0  0   1   0  0    1  830  1090
1090  0  800  30   black  1   0  0    1  0  0   1   0  0    1  0  0
60 120
1
900 470
1
1900 670 0 0 door 1
0
1
830 480 left
1
1495 745 0 0 0 1
0
2
130 770 20 32
1690 770 -20 32
1
59 230 201 20
59 230 20 20
1
1815 693 red