1600 700
0 0 20 700 grey wl 2 20 200 350 530
1580 0 20 200 grey wr 1 20 200
0 0 1600 20 grey c 2 20 780 820 1580
0 680 1600 20 black f 1 20 680
10
20 530 230 150 grey 1 0 0 1 20 250 1 540 680 1 20 250
550 530 230 150 grey 1 540 680 1 550 780 1 540 680 1 550 780
820 530 230 150 black 1 0 0 1 0 0 1 0 0 1 0 0
1350 530 250 150 grey 1 540 680 1 1350 1600 1 540 680 1 1350 1600
20 200 230 150 grey 1 0 0 1 20 250 1 200 340 1 20 250
1350 200 250 150 black 1 0 0 1 0 0 1 0 0 1 0 0
780 20 20 100 grey 1 20 100 1 0 0 1 0 0 1 0 0
800 20 20 100 black 1 0 0 1 0 0 1 0 0 1 0 0
780 140 20 540 grey 1 140 530 1 0 0 1 0 0 1 0 0
800 140 20 540 black 1 0 0 1 0 0 1 0 0 1 0 0
20 430
0
0 0
0
0
0