1920 1000
0 0 30 1000 black wl 0 0
1890 0 30 30 black wr 0 0
30 0 1860 30 black c 0 0
30 970 1890 30 black f 0 0
21
1890  30  30  840   grey   1  30  870   1   0  0   1   0  0   1   0  0
30  750  130  220   black   1  0  0   1   0  0   1   0  0   1   0  0
160  780  100  190   black  1   0  0   1   0  0    1  0  0  1    0  0
260  750  30  220   grey   1  0  0    1  260  290  1    750  970     1 0  0
30  650  30  100   grey   1  0  0    1  30  60    1  650  750   1   0  0
30  250  140  30   black   1  0  0   1   0  0   1   0  0   1   0  0
241  410  169  30   black   1  0  0   1   0  0   1   0  0   1   0  0
170  250  170  30   black    1 0  0   1   0  0   1   0  0   1   0  0
140  280  30  160   black   1  0  0   1   0  0   1   0  0   1   0  0
410  250  30  190   black  1   0  0   1   0  0   1   0  0   1   0  0
1460  750  100  30   grey   1  750  780   1   1460  1560   1   750  780  1    0  0
1460  780  100  30   black   1  0  0   1   0  0  1    0  0  1    0  0
805  780  100  30   black  1   0  0   1   0  0   1   0  0   1   0  0
770  360  100  30   black   1  0  0   1   0  0   1   0  0  1    0  0
1410  360  100  30   black  1   0  0   1   0  0  1    0  0  1    0  0
775  750  30  30   black  1   0  0  1    0  0   1   0  0   1   0  0
905  750  30  30   black  1   0  0   1   0  0   1   0  0  1    0  0
740  330  30  30   black   1  0  0  1    0  0   1   0  0   1   0  0
870  330  30  30   black   1  0  0   1   0  0   1   0  0   1   0  0
1380  330  30  30   black  1   0  0  1    0  0   1   0  0   1   0  0
1510  330  30  30   black   1  0  0    1  0  0   1   0  0    1  0  0
60 640
1
240 209
1
1900 870 0 0 door 1
0
0
1
75 225 0 33 20 210 hor -40 170 ver -40 110 ver -40 10 ver 20 -30 hor 120 -30 hor 220 -30 hor 320 -30 hor 420 -30 hor 520 -30 hor 620 -30 hor 720 -30 hor 820 -30 hor 920 -30 hor 1020 -30 hor 1120 -30 hor 1220 -30 hor 1320 -30 hor 1420 -30 hor 1520 -30 hor 1620 -30 hor 1720 -30 hor 1820 -30 hor 1860 10 ver 1860 50 ver 1860 150 ver 1860 250 ver 1860 350 ver 1860 450 ver 1860 550 ver 1860 650 ver 1860 750 ver 1860 770 ver 0 1
0
4
160 750 16 20
805 750 16 20
770 330 -16 20
1410 330 -16 20
0
0 0 0 0
0 0 0 0
1
1815 893 red