1920 900
0 0 20 900 black wl 0 0
1900 0 20 780 black wr 0 0
20 0 1880 20 black c 0 0
20 880 1900 40 black f 0 0
26
1330 0 200 20 black 1 0 0 1 0 0 1 0 0 1 0 0
950 20 20 100 black 1 0 0 1 0 0 1 0 0 1 0 0
1540 0 430 20 black 1 0 0 1 0 0 1 0 0 1 0 0
1210 760 690 20 black 1 0 0 1 0 0 1 0 0 1 0 0
1210 665 120 95 black 1 0 0 1 0 0 1 0 0 1 0 0
730 540 380 340 black 1 0 0 1 0 0 1 0 0 1 0 0
660 660 70 220 black 1 0 0 1 0 0 1 0 0 1 0 0
1110 540 125 25 black 1 0 0 1 0 0 1 0 0 1 0 0
730 290 500 30 black 1 0 0 1 0 0 1 0 0 1 0 0
1330 420 150 30 black 1 0 0 1 0 0 1 0 0 1 0 0
20 540 100 20 grey 1 0 0 1 20 120 1 0 0 1 0 0
20 560 125 20 black 1 0 0 1 0 0 1 0 0 1 0 0
120 540 25 20 black 1 0 0 1 0 0 1 0 0 1 0 0
20 275 125 165 black 1 0 0 1 0 0 1 0 0 1 0 0
1630 20 20 100 grey 1 20 120 1 0 0 1 1600 1620 1 0 0
1650 20 20 100 black 1 0 0 1 0 0 1 0 0 1 0 0
1780 195 20 40 black 1 0 0 1 0 0 1 0 0 1 0 0
1780 260 20 100 black 1 0 0 1 0 0 1 0 0 1 0 0
1780 360 120 30 black 1 0 0 1 0 0 1 0 0 1 0 0
1800 195 100 20 black 1 0 0 1 0 0 1 0 0 1 0 0
1881 315 19 45 black 1 0 0 1 0 0 1 0 0 1 0 0
120 20 25 65 black 1 0 0 1 0 0 1 0 0 1 0 0
20 20 100 45 black 1 0 0 1 0 0 1 0 0 1 0 0
20 65 100 20 grey 1 0 0 1 0 0 1 0 0 1 20 120
120 185 25 90 black 1 0 0 1 0 0 1 0 0 1 0 0
20 245 100 30 black 1 0 0 1 0 0 1 0 0 1 0 0
850 430
1
20 449 t 20 449
4
121 440 0 0 door 1
1510 20 0 0 door 1
121 85 0 0 door 1
1211 565 0 0 door 1 0
1
1880 215 20 100 215 315 0 0 0 0 0 0 hameleon 1
1
880 220 right
6
775 515 1 11 80 540 ver  80 640 ver  120 700 hor  220 700 hor 320 700 hor  420 700 hor  520 700 hor  620 700 hor 720 700 hor  760 540 ver  760 640 ver 0 1
985 515 2 22 1520 -40 hor  1620 -40 hor  1720 -40 hor 1820 -40 hor  1860 20 ver  1860 120 ver 1860 220 ver  1860 320 ver  1860 420 ver 1860 520 ver  1860 620 ver  1800 660 hor 1730 660 hor  1630 660 hor  1530 660 hor 1430 660 hor  1330 660 hor 1230 660 hor 1130 660 hor  1030 660 hor  970 620 ver  970 520 ver 0 1
750 265 5 11 780 255 hor  880 255 hor  980 255 hor  1080 255 hor 1180 255 hor  1280 255 hor  1380 255 hor 1480 255 hor 1580 255 hor  1680 255 hor  1780 255 hor 0 0
1805 335 3 22 1740 320 hor  1640 320 hor  1540 320 hor  1440 320 hor  1380 -20 ver  1380 80 ver  1380 180 ver  1380 280 ver  1340 -40 hor  1240 -40 hor  1140 -40 hor  1040 -40 hor  940 -40 hor  840 -40 hor  740 -40 hor  640 -40 hor  540 -40 hor  440 -40 hor  340 -40 hor  240 -40 hor  140 -40 hor  80 -20 ver 0 1
35 220 4 22 -20 205 hor  -40 265 ver  -40 365 ver  -40 465 ver  -40 565 ver  -40 665 ver  -40 765 ver  -20 805 hor  70 805 hor  170 805 hor  270 805 hor  350 805 hor  450 805 hor  550 805 hor  650 805 hor  750 805 hor  850 805 hor  950 805 hor  1050 805 hor  1130 805 hor 1170 765 ver  1170 665 ver 0 1
660 635 0 0 0 1
2
20 680 640 205
1330 680 570 85
0
0
0 0 0 0
0 0 0 0
2
1815 803 red
33 455 blue