1600 800
0 230 20 570 black wl 1 0 0
1580 100 20 700 grey wr 1 130 300
0 0 1920 20 black c 1 0 0
400 770 1200 30 grey f 1 400 1480
25
1480 20 120 80 black 1 0 0 1 0 0 1 0 0 1 0 0
0 770 400 30 black 1 0 0 1 0 0 1 0 0 1 0 0
0 200 140 30 black 1 0 0 1 0 0 1 0 0 1 0 0
20 400 100 30 grey 1 0 0 1 20 120 1 0 0 1 0 0
0 430 120 340 black 1 0 0 1 0 0 1 0 0 1 0 0
120 400 20 370 black 1 0 0 1 0 0 1 0 0 1 0 0
1480 100 100 30 grey 1 100 130 1 0 0 1 0 0 1 1480 1580
1480 300 100 470 grey 1 300 770 1 1480 1580 1 0 0 1 0 0
1225 40 55 180 black 1 0 0 1 0 0 1 0 0 1 0 0
1290 20 40 561 black 1 0 0 1 0 0 1 0 0 1 0 0
590 540 230 40 grey 1 0 0 1 610 820 1 0 0 1 590 820
820 540 20 40 black 1 0 0 1 0 0 1 0 0 1 0 0
1040 540 250 40 grey 1 0 0 1 1040 1270 1 0 0 1 1040 1290
1020 540 20 40 black 1 0 0 1 0 0 1 0 0 1 0 0
1270 440 20 100 grey 1 440 540 1 0 0 1 0 0 1 0 0
1270 20 20 420 black 1 0 0 1 0 0 1 0 0 1 0 0
710 340 560 30 black 1 0 0 1 0 0 1 0 0 1 0 0
710 310 560 30 grey 1 310 340 1 710 1130 1 0 0 1 0 0
590 20 680 20 black 1 0 0 1 0 0 1 0 0 1 0 0
590 40 20 100 grey 1 0 0 1 0 0 1 40 140 1 0 0
590 140 20 400 black 1 0 0 1 0 0 1 0 0 1 0 0
1130 170 20 140 black 1 0 0 1 0 0 1 0 0 1 0 0
1150 220 120 90 black 1 0 0 1 0 0 1 0 0 1 0 0
1000 40 20 100 grey 1 0 0 1 0 0 1 40 140 1 1000 1020
980 40 20 100 black 1 0 0 1 0 0 1 0 0 1 0 0