1200 1000
0 0 30 1000 black wl 0 0
1170 0 30 300 black wr 0 0
30 0 1140 30 black c 0 0
30 970 1140 30 black f 0 0
12
1140  770  30  100   grey  1   770  870   1   1140  1170   1   0  0    1  1140  1170
460  720  510  30   black  1   0  0   1   0  0  1    0  0   1   0  0
970  620  30  105   black  1   0  0   1   0  0   1   0  0   1   0  0
30  620  430  105   black  1   0  0  1    0  0   1   0  0   1   0  0
30  400  430  220   grey  1   0  0  2    30  230    360  460    1  400  620    1  0  0
970  400  230  100   grey   1  400  500   1   970  1170   1   0  0    1  970  1170
1170  500  30  500   black  1   0  0   1   0  0   1   0  0   1   0  0
230  390  60  10   black  1   0  0  1    0  0   1   0  0   1   0  0
230  290  30  100   grey   1  290  390   1   230  260  1    0  0    1  0  0
260  290  30  100   black  1   0  0   1   0  0  1    0  0   1   0  0
30  150  430  40   black   1  0  0   1   0  0   1   0  0    1  0  0
1140  75  30  100   grey   1  75  175   1   1140  1170  1    0  0   1   1140  1170
20 260
1
210 760 t 210 760
1
1180 300 0 0 door 1
0
0
2
290 375 0 0 0 1
135 125 1 19 80 120 hor 20 120 hor -40 80 ver -40 20 ver 0 -40 hor 80 -40 hor 180 -40 hor 280 -40 hor 380 -40 hor 480 -40 hor 580 -40 hor 680 -40 hor 780 -40 hor 880 -40 hor 980 -40 hor 1080 -40 hor 1140 0 ver 1140 100 ver 1140 200 ver 0 1
2
460 620 510 105
30 870 1140 105
0
1
30 370 201 20
30 370 20 20
2
223 745 blue
1095 323 red