1920 1000
0 970 20 30 black wl 0 0
1890 0 30 1000 black wr 0 0
0 0 1890 30 black c 0 0
20 970 140 30 black f 0 0
22
0  260  30  710   black   1  0  0  1    0  0   1   0  0   1   0  0
1820  750  70  190   black  1  0  0    1  0  0   1   0  0    1  0  0
1720  780  100  160   black   1  0  0    1  0  0  1    0  0   1   0  0
1690  750  30  190   black   1  0  0    1  0  0   1   0  0   1   0  0
1720  520  100  30   grey  1   520  550    1  0  0    1  520  550  1    1720  1820
1620  490  270  30   black  1   0  0  1    0  0  1    0  0  1    0  0
1450  970  100  30   grey  1   940  970  1    1450  1550   1   940  970  1    0  0
1560  30  30  100   grey   1  30  130   1   0  0    1  0  0    1  1560  1590
1590  30  30  130   black   1  0  0   1   0  0   1   0  0    1  0  0
260  970  1060  30   black  1   30  130   1   0  0   1   0  0   1   0  0
1420  970  30  30   black   1  30  130   1   0  0  1    0  0   1   0  0
1550  940  370  60   black  1   30  130    1  0  0   1   0  0   1   0  0
840  750  30  220   black   1  0  0   1   0  0   1   0  0   1   0  0
740  780  100  190   black  1   0  0  1    0  0   1   0  0   1   0  0
710  750  30  220   black   1  0  0   1   0  0   1   0  0   1   0  0
725  260  30  130   black   1  0  0   1   0  0    1  0  0   1   0  0
995  230  30  160   black   1  0  0   1   0  0   1   0  0   1   0  0
590  230  305  30   black   1  0  0   1   0  0    1  0  0   1   0  0
0  230  520  30   black   1  0  0   1   0  0    1  0  0   1   0  0
826  360  169  30   black  1   0  0   1   0  0   1   0  0   1   0  0
0  30  30  100   black   1  0  0   1   0  0   1   0  0   1   0  0
520  270  70  30   black  1   0  0  1    0  0   1   0  0  1    0  0
1450 860
1
826 280
1
0 130 0 0 door 1
0
1
720 160 left
2
1820 465 0 28 -40 30 ver  -40 10 ver  20 -30 hor  120 -30 hor 220 -30 hor  320 -30 hor  420 -30 hor  520 -30 hor  620 -30 hor  720 -30 hor  820 -30 hor  920 -30 hor 1020 -30 hor  1120 -30 hor  1220 -30 hor 1320 -30 hor  1420 -30 hor  1520 -30 hor  1620 -30 hor  1720 -30 hor  1740 -30 hor 1820 -30 hor  1860 30 ver  1860 130 ver 1860 230 ver  1860 330 ver  1860 410 ver 1860 450 hor 0 1
520 245 1 0 0 1
0
4
1720 750 0 40
740 750 0 20
160 970 20 30
1320 970 -20 30
0
0 0 0 0
0 0 0 0
1
25 153 red l