1920 960
0 120 20 820 black wl 0 0
2000 0 20 840 black wr 0 0
365 0 1555 20 black c 0 0
0 940 1920 20 black f 0 0
28
1900 0 20 840 black 1 0 0 1 0 0 1 0 0 1 0 0
0  20  20  100   grey    1 0  0     1 0  0     1 20  120    1  0  0
1315  120  20  720   black   1  0  0    1  0  0    1  0  0    1  0  0
1005  320  40  620   grey    1 320  940    1  0  0   1   320  840   1   0  0
1315  20  630  100   grey   1  20  120   1   0  0   1   0  0    1  1335  1900
1335  600  100  20   black   1  0  0   1   0  0    1  0  0    1  0  0
1800  600  100  20   black    1 0  0   1   0  0    1  0  0    1  0  0
1335  390  100  20   black   1  0  0   1   0  0    1  0  0    1  0  0
1800  390  100  20   black   1  0  0   1   0  0    1  0  0    1  0  0
1335  410  100  20   grey   1  0  0    1  0  0    1  410  430    1  1335  1435
1800  410  100  20   grey   1  410  430   1   0  0  1    0  0   1   1800  1900
1045  820  100  120   grey   1  0  0    1  1045  1145   1   820  940   1   0  0
1245  810  70  30   black   1  0  0    1  0  0   1   0  0    1  0  0
300  840  20  100   black   1  0  0    1  0  0    1  0  0    1  0  0
600  840  20  100   black   1  0  0    1  0  0    1  0  0    1  0  0
390  660  100  180   grey    1 660  840  1    0  0   1   660  840   1   390  490
20  640  905  20   black   1 0  0   1   0  0   1   0  0   1   0  0
685  510  160  130   black  1   0  0   1   0  0  1    0  0   1   0  0
365  510  160  130   grey   1  510  640    1  365  525     1 510  640   1   0  0
20  510  205  130   black   1  0  0   1   0  0  1    0  0   1   0  0
845  320  160  20   grey   1  0  0   1   0  0   1   0  0    1  845  1005
525  320  160  20   grey   1  0  0   1   0  0   1   0  0    1  525  685
205  320  160  20   grey   1 0  0   1   0  0    1  0  0   1   205  365
685  320  160  30   black   1  0  0   1   0  0   1   0  0   1   0  0
365  320  160  30   black   1  0  0   1   0  0    1  0  0   1   0  0
205  300  940  20   black   1  0  0   1   0  0    1  0  0   1   0  0
0  0  365  20   grey   1  0  0   1   0  0   1   0  0  1    20  365
1015  20  20  180   black   1  0  0    1  0  0   1   0  0    1  0  0
30 830
1
295 220 t 1045 750
0
0
8
200 870 right
800 870 left
20 440 right
870 230 left
1800 530 left
1800 320 left
1365 530 right
1365 320 right
1
1245 785 0 0 0 1
0
0
0
0 0 0 0
0 0 0 0
2
1815 863 red
1058 735 blue