1500 930
0 0 20 330 grey wl 1 20 330
1480 20 20 500 black wr 1 0 0
0 0 1500 20 grey c 1 20 1220
0 910 1500 20 black f 1 0 0
17
0 330 20 480 black 1 0 0 1 0 0 1 0 0 1 0 0
0 810 20 100 grey 1 0 0 1 0 0 1 810 910 1 0 0
1360 760 140 150 black 1 0 0 1 0 0 1 0 0 1 0 0
1220 20 260 500 black 1 0 0 1 0 0 1 0 0 1 0 0
20 670 880 30 black 1 0 0 1 0 0 1 0 0 1 0 0
20 640 880 30 grey 1 0 0 2 20 400 470 900 1 0 0 1 0 0
700 690 30 120 black 1 0 0 1 0 0 1 0 0 1 0 0
1060 440 20 370 black 1 0 0 1 0 0 1 0 0 1 0 0
1040 440 20 470 grey 1 480 910 1 0 0 1 0 0 1 0 0
1060 810 20 100 grey 1 770 910 1 0 0 1 810 910 1 0 0
20 440 170 40 black 1 0 0 1 0 0 1 0 0 1 0 0
660 440 400 40 grey 1 0 0 3 660 750 820 910 950 1060 1 0 0 1 660 1040
620 300 40 180 grey 1 300 480 1 0 0 1 300 440 1 0 0
150 160 800 40 grey 1 0 0 1 150 950 1 0 0 1 190 910
150 200 40 140 grey 1 200 340 1 0 0 1 200 340 1 0 0
910 160 40 160 grey 1 200 320 1 0 0 1 160 320 1 0 0
910 380 40 60 grey 1 200 340 1 0 0 1 160 340 1 0 0
20 800
1
270 800
2
706 810 0 0 door 1
160 340 0 0 door 2
0
3
400 880 0 3 425 869 hor 525 869 hor 625 869 hor 0 1
750 410 1 14 780 418 hor 820 378 ver 820 278 ver 820 178 ver 780 138 hor 780 138 hor 680 138 hor 580 138 hor 480 138 hor 380 138 hor 280 138 hor 180 138 hor 122 178 ver 122 240 ver 0 1
400 610 1 9 340 617 hor 240 617 hor 140 617 hor 40 617 hor -20 577 ver -20 479 ver -20 440 ver 40 400 hor 80 400 hor 1 1